{
 "cells": [
  {
   "cell_type": "code",
   "execution_count": 1,
   "metadata": {},
   "outputs": [],
   "source": [
    "#!/usr/bin/env python 3.83\n",
    "# -*-coding:utf-8 -*-\n",
    "# Created date: 2021-21-27\n",
    "# @Author  : Shuang Song\n",
    "# @Contact   : SongshGeo@gmail.com\n",
    "# GitHub   : https://github.com/SongshGeo\n",
    "# Research Gate: https://www.researchgate.net/profile/Song_Shuang9\n",
    "\n",
    "# 加载必要的包\n",
    "import pandas as pd\n",
    "import numpy as np\n",
    "import seaborn as sns\n",
    "from matplotlib import pyplot as plt\n",
    "\n",
    "# 自动重载\n",
    "%load_ext autoreload\n",
    "%autoreload 2\n",
    "\n",
    "# 绘图相关\n",
    "%matplotlib inline\n",
    "%config InlineBackend.figure_format = 'retina'\n",
    "plt.rcParams['axes.facecolor'] = 'white'\n",
    "\n",
    "# 自定义配色\n",
    "nature_colors = {\n",
    "    'NS': \"#c83c1c\",\n",
    "    'Nature': \"#29303c\",\n",
    "    'NCC': \"#0889a6\",\n",
    "    'NC': \"#f1801f\",\n",
    "    'NG': \"#006c43\",\n",
    "    'NHB': \"#1951A0\",\n",
    "    'NEE': \"#C7D530\"\n",
    "}"
   ]
  },
  {
   "cell_type": "code",
   "execution_count": 2,
   "metadata": {},
   "outputs": [
    {
     "data": {
      "text/html": [
       "<div>\n",
       "<style scoped>\n",
       "    .dataframe tbody tr th:only-of-type {\n",
       "        vertical-align: middle;\n",
       "    }\n",
       "\n",
       "    .dataframe tbody tr th {\n",
       "        vertical-align: top;\n",
       "    }\n",
       "\n",
       "    .dataframe thead th {\n",
       "        text-align: right;\n",
       "    }\n",
       "</style>\n",
       "<table border=\"1\" class=\"dataframe\">\n",
       "  <thead>\n",
       "    <tr style=\"text-align: right;\">\n",
       "      <th></th>\n",
       "      <th>Country</th>\n",
       "      <th>SDG Index</th>\n",
       "      <th>SDG01</th>\n",
       "      <th>SDG02</th>\n",
       "      <th>SDG03</th>\n",
       "      <th>SDG04</th>\n",
       "      <th>SDG05</th>\n",
       "      <th>SDG06</th>\n",
       "      <th>SDG07</th>\n",
       "      <th>SDG08</th>\n",
       "      <th>SDG09</th>\n",
       "      <th>SDG10</th>\n",
       "      <th>SDG11</th>\n",
       "      <th>SDG12</th>\n",
       "      <th>SDG13</th>\n",
       "      <th>SDG14</th>\n",
       "      <th>SDG15</th>\n",
       "      <th>SDG16</th>\n",
       "      <th>SDG17</th>\n",
       "    </tr>\n",
       "    <tr>\n",
       "      <th>ID</th>\n",
       "      <th></th>\n",
       "      <th></th>\n",
       "      <th></th>\n",
       "      <th></th>\n",
       "      <th></th>\n",
       "      <th></th>\n",
       "      <th></th>\n",
       "      <th></th>\n",
       "      <th></th>\n",
       "      <th></th>\n",
       "      <th></th>\n",
       "      <th></th>\n",
       "      <th></th>\n",
       "      <th></th>\n",
       "      <th></th>\n",
       "      <th></th>\n",
       "      <th></th>\n",
       "      <th></th>\n",
       "      <th></th>\n",
       "    </tr>\n",
       "  </thead>\n",
       "  <tbody>\n",
       "    <tr>\n",
       "      <th>166</th>\n",
       "      <td>Central African Republic</td>\n",
       "      <td>36.920625</td>\n",
       "      <td>0.00</td>\n",
       "      <td>36.72</td>\n",
       "      <td>15.41</td>\n",
       "      <td>9.02</td>\n",
       "      <td>31.18</td>\n",
       "      <td>45.51</td>\n",
       "      <td>11.49</td>\n",
       "      <td>48.54</td>\n",
       "      <td>3.58</td>\n",
       "      <td>19.28</td>\n",
       "      <td>27.76</td>\n",
       "      <td>72.73</td>\n",
       "      <td>99.67</td>\n",
       "      <td>NaN</td>\n",
       "      <td>90.21</td>\n",
       "      <td>41.92</td>\n",
       "      <td>37.71</td>\n",
       "    </tr>\n",
       "    <tr>\n",
       "      <th>165</th>\n",
       "      <td>South Sudan</td>\n",
       "      <td>42.360000</td>\n",
       "      <td>0.00</td>\n",
       "      <td>25.90</td>\n",
       "      <td>26.83</td>\n",
       "      <td>1.64</td>\n",
       "      <td>52.41</td>\n",
       "      <td>40.57</td>\n",
       "      <td>22.15</td>\n",
       "      <td>51.44</td>\n",
       "      <td>2.13</td>\n",
       "      <td>42.35</td>\n",
       "      <td>17.71</td>\n",
       "      <td>74.59</td>\n",
       "      <td>99.61</td>\n",
       "      <td>NaN</td>\n",
       "      <td>74.13</td>\n",
       "      <td>46.30</td>\n",
       "      <td>100.00</td>\n",
       "    </tr>\n",
       "    <tr>\n",
       "      <th>164</th>\n",
       "      <td>Chad</td>\n",
       "      <td>42.459375</td>\n",
       "      <td>23.16</td>\n",
       "      <td>33.02</td>\n",
       "      <td>21.08</td>\n",
       "      <td>13.96</td>\n",
       "      <td>27.79</td>\n",
       "      <td>39.97</td>\n",
       "      <td>1.55</td>\n",
       "      <td>53.91</td>\n",
       "      <td>8.48</td>\n",
       "      <td>53.42</td>\n",
       "      <td>39.35</td>\n",
       "      <td>90.97</td>\n",
       "      <td>99.71</td>\n",
       "      <td>NaN</td>\n",
       "      <td>74.04</td>\n",
       "      <td>33.18</td>\n",
       "      <td>65.76</td>\n",
       "    </tr>\n",
       "    <tr>\n",
       "      <th>163</th>\n",
       "      <td>Somalia</td>\n",
       "      <td>45.944000</td>\n",
       "      <td>15.23</td>\n",
       "      <td>30.60</td>\n",
       "      <td>24.19</td>\n",
       "      <td>NaN</td>\n",
       "      <td>30.08</td>\n",
       "      <td>47.74</td>\n",
       "      <td>13.29</td>\n",
       "      <td>55.02</td>\n",
       "      <td>1.81</td>\n",
       "      <td>NaN</td>\n",
       "      <td>69.47</td>\n",
       "      <td>89.08</td>\n",
       "      <td>99.91</td>\n",
       "      <td>63.56</td>\n",
       "      <td>54.35</td>\n",
       "      <td>44.83</td>\n",
       "      <td>50.00</td>\n",
       "    </tr>\n",
       "    <tr>\n",
       "      <th>162</th>\n",
       "      <td>Liberia</td>\n",
       "      <td>47.120000</td>\n",
       "      <td>22.99</td>\n",
       "      <td>44.39</td>\n",
       "      <td>39.83</td>\n",
       "      <td>16.86</td>\n",
       "      <td>43.93</td>\n",
       "      <td>52.53</td>\n",
       "      <td>6.81</td>\n",
       "      <td>63.11</td>\n",
       "      <td>5.17</td>\n",
       "      <td>67.23</td>\n",
       "      <td>29.63</td>\n",
       "      <td>95.91</td>\n",
       "      <td>99.52</td>\n",
       "      <td>77.20</td>\n",
       "      <td>49.29</td>\n",
       "      <td>45.18</td>\n",
       "      <td>41.46</td>\n",
       "    </tr>\n",
       "  </tbody>\n",
       "</table>\n",
       "</div>"
      ],
      "text/plain": [
       "                      Country  SDG Index  SDG01  SDG02  SDG03  SDG04  SDG05  \\\n",
       "ID                                                                            \n",
       "166  Central African Republic  36.920625   0.00  36.72  15.41   9.02  31.18   \n",
       "165               South Sudan  42.360000   0.00  25.90  26.83   1.64  52.41   \n",
       "164                      Chad  42.459375  23.16  33.02  21.08  13.96  27.79   \n",
       "163                   Somalia  45.944000  15.23  30.60  24.19    NaN  30.08   \n",
       "162                   Liberia  47.120000  22.99  44.39  39.83  16.86  43.93   \n",
       "\n",
       "     SDG06  SDG07  SDG08  SDG09  SDG10  SDG11  SDG12  SDG13  SDG14  SDG15  \\\n",
       "ID                                                                          \n",
       "166  45.51  11.49  48.54   3.58  19.28  27.76  72.73  99.67    NaN  90.21   \n",
       "165  40.57  22.15  51.44   2.13  42.35  17.71  74.59  99.61    NaN  74.13   \n",
       "164  39.97   1.55  53.91   8.48  53.42  39.35  90.97  99.71    NaN  74.04   \n",
       "163  47.74  13.29  55.02   1.81    NaN  69.47  89.08  99.91  63.56  54.35   \n",
       "162  52.53   6.81  63.11   5.17  67.23  29.63  95.91  99.52  77.20  49.29   \n",
       "\n",
       "     SDG16   SDG17  \n",
       "ID                  \n",
       "166  41.92   37.71  \n",
       "165  46.30  100.00  \n",
       "164  33.18   65.76  \n",
       "163  44.83   50.00  \n",
       "162  45.18   41.46  "
      ]
     },
     "execution_count": 2,
     "metadata": {},
     "output_type": "execute_result"
    }
   ],
   "source": [
    "data = pd.read_csv(\"SDG country 2020.csv\", header=0, index_col=1).sort_values(\"SDG Index\")\n",
    "data.head()"
   ]
  },
  {
   "cell_type": "code",
   "execution_count": 3,
   "metadata": {},
   "outputs": [
    {
     "data": {
      "text/html": [
       "<div>\n",
       "<style scoped>\n",
       "    .dataframe tbody tr th:only-of-type {\n",
       "        vertical-align: middle;\n",
       "    }\n",
       "\n",
       "    .dataframe tbody tr th {\n",
       "        vertical-align: top;\n",
       "    }\n",
       "\n",
       "    .dataframe thead th {\n",
       "        text-align: right;\n",
       "    }\n",
       "</style>\n",
       "<table border=\"1\" class=\"dataframe\">\n",
       "  <thead>\n",
       "    <tr style=\"text-align: right;\">\n",
       "      <th></th>\n",
       "      <th>SDG01</th>\n",
       "      <th>SDG02</th>\n",
       "      <th>SDG03</th>\n",
       "      <th>SDG04</th>\n",
       "      <th>SDG05</th>\n",
       "      <th>SDG06</th>\n",
       "      <th>SDG07</th>\n",
       "      <th>SDG08</th>\n",
       "      <th>SDG09</th>\n",
       "      <th>SDG10</th>\n",
       "      <th>SDG11</th>\n",
       "      <th>SDG12</th>\n",
       "      <th>SDG13</th>\n",
       "      <th>SDG14</th>\n",
       "      <th>SDG15</th>\n",
       "      <th>SDG16</th>\n",
       "      <th>SDG17</th>\n",
       "    </tr>\n",
       "  </thead>\n",
       "  <tbody>\n",
       "    <tr>\n",
       "      <th>SDG01</th>\n",
       "      <td>1.000000</td>\n",
       "      <td>0.606606</td>\n",
       "      <td>0.860710</td>\n",
       "      <td>0.788071</td>\n",
       "      <td>0.446079</td>\n",
       "      <td>0.772916</td>\n",
       "      <td>0.866025</td>\n",
       "      <td>0.615175</td>\n",
       "      <td>0.708163</td>\n",
       "      <td>0.417839</td>\n",
       "      <td>0.660099</td>\n",
       "      <td>-0.516379</td>\n",
       "      <td>-0.528937</td>\n",
       "      <td>-0.242701</td>\n",
       "      <td>-0.012595</td>\n",
       "      <td>0.694881</td>\n",
       "      <td>0.085140</td>\n",
       "    </tr>\n",
       "    <tr>\n",
       "      <th>SDG02</th>\n",
       "      <td>0.606606</td>\n",
       "      <td>1.000000</td>\n",
       "      <td>0.687164</td>\n",
       "      <td>0.631334</td>\n",
       "      <td>0.539432</td>\n",
       "      <td>0.664317</td>\n",
       "      <td>0.554637</td>\n",
       "      <td>0.639616</td>\n",
       "      <td>0.696718</td>\n",
       "      <td>0.431128</td>\n",
       "      <td>0.526370</td>\n",
       "      <td>-0.446087</td>\n",
       "      <td>-0.424721</td>\n",
       "      <td>-0.075669</td>\n",
       "      <td>0.151688</td>\n",
       "      <td>0.604061</td>\n",
       "      <td>-0.041733</td>\n",
       "    </tr>\n",
       "    <tr>\n",
       "      <th>SDG03</th>\n",
       "      <td>0.860710</td>\n",
       "      <td>0.687164</td>\n",
       "      <td>1.000000</td>\n",
       "      <td>0.845735</td>\n",
       "      <td>0.605075</td>\n",
       "      <td>0.802222</td>\n",
       "      <td>0.857742</td>\n",
       "      <td>0.690247</td>\n",
       "      <td>0.824555</td>\n",
       "      <td>0.427062</td>\n",
       "      <td>0.706067</td>\n",
       "      <td>-0.671998</td>\n",
       "      <td>-0.648716</td>\n",
       "      <td>-0.209230</td>\n",
       "      <td>0.053251</td>\n",
       "      <td>0.807274</td>\n",
       "      <td>0.135696</td>\n",
       "    </tr>\n",
       "    <tr>\n",
       "      <th>SDG04</th>\n",
       "      <td>0.788071</td>\n",
       "      <td>0.631334</td>\n",
       "      <td>0.845735</td>\n",
       "      <td>1.000000</td>\n",
       "      <td>0.606184</td>\n",
       "      <td>0.717211</td>\n",
       "      <td>0.799732</td>\n",
       "      <td>0.606479</td>\n",
       "      <td>0.692878</td>\n",
       "      <td>0.239528</td>\n",
       "      <td>0.663907</td>\n",
       "      <td>-0.526284</td>\n",
       "      <td>-0.530744</td>\n",
       "      <td>-0.181934</td>\n",
       "      <td>0.001566</td>\n",
       "      <td>0.691623</td>\n",
       "      <td>0.124412</td>\n",
       "    </tr>\n",
       "    <tr>\n",
       "      <th>SDG05</th>\n",
       "      <td>0.446079</td>\n",
       "      <td>0.539432</td>\n",
       "      <td>0.605075</td>\n",
       "      <td>0.606184</td>\n",
       "      <td>1.000000</td>\n",
       "      <td>0.660701</td>\n",
       "      <td>0.468891</td>\n",
       "      <td>0.584356</td>\n",
       "      <td>0.588423</td>\n",
       "      <td>0.149525</td>\n",
       "      <td>0.607085</td>\n",
       "      <td>-0.493810</td>\n",
       "      <td>-0.451088</td>\n",
       "      <td>-0.020591</td>\n",
       "      <td>0.175703</td>\n",
       "      <td>0.516563</td>\n",
       "      <td>0.161834</td>\n",
       "    </tr>\n",
       "    <tr>\n",
       "      <th>SDG06</th>\n",
       "      <td>0.772916</td>\n",
       "      <td>0.664317</td>\n",
       "      <td>0.802222</td>\n",
       "      <td>0.717211</td>\n",
       "      <td>0.660701</td>\n",
       "      <td>1.000000</td>\n",
       "      <td>0.723649</td>\n",
       "      <td>0.679300</td>\n",
       "      <td>0.736221</td>\n",
       "      <td>0.300524</td>\n",
       "      <td>0.677242</td>\n",
       "      <td>-0.522733</td>\n",
       "      <td>-0.453794</td>\n",
       "      <td>-0.051543</td>\n",
       "      <td>0.210383</td>\n",
       "      <td>0.660424</td>\n",
       "      <td>0.117950</td>\n",
       "    </tr>\n",
       "    <tr>\n",
       "      <th>SDG07</th>\n",
       "      <td>0.866025</td>\n",
       "      <td>0.554637</td>\n",
       "      <td>0.857742</td>\n",
       "      <td>0.799732</td>\n",
       "      <td>0.468891</td>\n",
       "      <td>0.723649</td>\n",
       "      <td>1.000000</td>\n",
       "      <td>0.513441</td>\n",
       "      <td>0.682055</td>\n",
       "      <td>0.253545</td>\n",
       "      <td>0.599642</td>\n",
       "      <td>-0.517213</td>\n",
       "      <td>-0.534751</td>\n",
       "      <td>-0.193599</td>\n",
       "      <td>-0.002449</td>\n",
       "      <td>0.637612</td>\n",
       "      <td>0.185561</td>\n",
       "    </tr>\n",
       "    <tr>\n",
       "      <th>SDG08</th>\n",
       "      <td>0.615175</td>\n",
       "      <td>0.639616</td>\n",
       "      <td>0.690247</td>\n",
       "      <td>0.606479</td>\n",
       "      <td>0.584356</td>\n",
       "      <td>0.679300</td>\n",
       "      <td>0.513441</td>\n",
       "      <td>1.000000</td>\n",
       "      <td>0.658017</td>\n",
       "      <td>0.360985</td>\n",
       "      <td>0.518385</td>\n",
       "      <td>-0.375803</td>\n",
       "      <td>-0.397593</td>\n",
       "      <td>0.025491</td>\n",
       "      <td>0.178695</td>\n",
       "      <td>0.610433</td>\n",
       "      <td>-0.082041</td>\n",
       "    </tr>\n",
       "    <tr>\n",
       "      <th>SDG09</th>\n",
       "      <td>0.708163</td>\n",
       "      <td>0.696718</td>\n",
       "      <td>0.824555</td>\n",
       "      <td>0.692878</td>\n",
       "      <td>0.588423</td>\n",
       "      <td>0.736221</td>\n",
       "      <td>0.682055</td>\n",
       "      <td>0.658017</td>\n",
       "      <td>1.000000</td>\n",
       "      <td>0.453001</td>\n",
       "      <td>0.558886</td>\n",
       "      <td>-0.728272</td>\n",
       "      <td>-0.714738</td>\n",
       "      <td>-0.194599</td>\n",
       "      <td>0.147481</td>\n",
       "      <td>0.772618</td>\n",
       "      <td>0.020279</td>\n",
       "    </tr>\n",
       "    <tr>\n",
       "      <th>SDG10</th>\n",
       "      <td>0.417839</td>\n",
       "      <td>0.431128</td>\n",
       "      <td>0.427062</td>\n",
       "      <td>0.239528</td>\n",
       "      <td>0.149525</td>\n",
       "      <td>0.300524</td>\n",
       "      <td>0.253545</td>\n",
       "      <td>0.360985</td>\n",
       "      <td>0.453001</td>\n",
       "      <td>1.000000</td>\n",
       "      <td>0.165432</td>\n",
       "      <td>-0.408040</td>\n",
       "      <td>-0.438695</td>\n",
       "      <td>-0.210784</td>\n",
       "      <td>0.270042</td>\n",
       "      <td>0.476575</td>\n",
       "      <td>-0.047910</td>\n",
       "    </tr>\n",
       "    <tr>\n",
       "      <th>SDG11</th>\n",
       "      <td>0.660099</td>\n",
       "      <td>0.526370</td>\n",
       "      <td>0.706067</td>\n",
       "      <td>0.663907</td>\n",
       "      <td>0.607085</td>\n",
       "      <td>0.677242</td>\n",
       "      <td>0.599642</td>\n",
       "      <td>0.518385</td>\n",
       "      <td>0.558886</td>\n",
       "      <td>0.165432</td>\n",
       "      <td>1.000000</td>\n",
       "      <td>-0.504742</td>\n",
       "      <td>-0.389312</td>\n",
       "      <td>-0.118777</td>\n",
       "      <td>0.012201</td>\n",
       "      <td>0.631782</td>\n",
       "      <td>0.142364</td>\n",
       "    </tr>\n",
       "    <tr>\n",
       "      <th>SDG12</th>\n",
       "      <td>-0.516379</td>\n",
       "      <td>-0.446087</td>\n",
       "      <td>-0.671998</td>\n",
       "      <td>-0.526284</td>\n",
       "      <td>-0.493810</td>\n",
       "      <td>-0.522733</td>\n",
       "      <td>-0.517213</td>\n",
       "      <td>-0.375803</td>\n",
       "      <td>-0.728272</td>\n",
       "      <td>-0.408040</td>\n",
       "      <td>-0.504742</td>\n",
       "      <td>1.000000</td>\n",
       "      <td>0.802459</td>\n",
       "      <td>0.355058</td>\n",
       "      <td>-0.118957</td>\n",
       "      <td>-0.676228</td>\n",
       "      <td>-0.113605</td>\n",
       "    </tr>\n",
       "    <tr>\n",
       "      <th>SDG13</th>\n",
       "      <td>-0.528937</td>\n",
       "      <td>-0.424721</td>\n",
       "      <td>-0.648716</td>\n",
       "      <td>-0.530744</td>\n",
       "      <td>-0.451088</td>\n",
       "      <td>-0.453794</td>\n",
       "      <td>-0.534751</td>\n",
       "      <td>-0.397593</td>\n",
       "      <td>-0.714738</td>\n",
       "      <td>-0.438695</td>\n",
       "      <td>-0.389312</td>\n",
       "      <td>0.802459</td>\n",
       "      <td>1.000000</td>\n",
       "      <td>0.158041</td>\n",
       "      <td>-0.106575</td>\n",
       "      <td>-0.613855</td>\n",
       "      <td>-0.064734</td>\n",
       "    </tr>\n",
       "    <tr>\n",
       "      <th>SDG14</th>\n",
       "      <td>-0.242701</td>\n",
       "      <td>-0.075669</td>\n",
       "      <td>-0.209230</td>\n",
       "      <td>-0.181934</td>\n",
       "      <td>-0.020591</td>\n",
       "      <td>-0.051543</td>\n",
       "      <td>-0.193599</td>\n",
       "      <td>0.025491</td>\n",
       "      <td>-0.194599</td>\n",
       "      <td>-0.210784</td>\n",
       "      <td>-0.118777</td>\n",
       "      <td>0.355058</td>\n",
       "      <td>0.158041</td>\n",
       "      <td>1.000000</td>\n",
       "      <td>0.298285</td>\n",
       "      <td>-0.219665</td>\n",
       "      <td>-0.057208</td>\n",
       "    </tr>\n",
       "    <tr>\n",
       "      <th>SDG15</th>\n",
       "      <td>-0.012595</td>\n",
       "      <td>0.151688</td>\n",
       "      <td>0.053251</td>\n",
       "      <td>0.001566</td>\n",
       "      <td>0.175703</td>\n",
       "      <td>0.210383</td>\n",
       "      <td>-0.002449</td>\n",
       "      <td>0.178695</td>\n",
       "      <td>0.147481</td>\n",
       "      <td>0.270042</td>\n",
       "      <td>0.012201</td>\n",
       "      <td>-0.118957</td>\n",
       "      <td>-0.106575</td>\n",
       "      <td>0.298285</td>\n",
       "      <td>1.000000</td>\n",
       "      <td>0.135973</td>\n",
       "      <td>-0.024420</td>\n",
       "    </tr>\n",
       "    <tr>\n",
       "      <th>SDG16</th>\n",
       "      <td>0.694881</td>\n",
       "      <td>0.604061</td>\n",
       "      <td>0.807274</td>\n",
       "      <td>0.691623</td>\n",
       "      <td>0.516563</td>\n",
       "      <td>0.660424</td>\n",
       "      <td>0.637612</td>\n",
       "      <td>0.610433</td>\n",
       "      <td>0.772618</td>\n",
       "      <td>0.476575</td>\n",
       "      <td>0.631782</td>\n",
       "      <td>-0.676228</td>\n",
       "      <td>-0.613855</td>\n",
       "      <td>-0.219665</td>\n",
       "      <td>0.135973</td>\n",
       "      <td>1.000000</td>\n",
       "      <td>0.074361</td>\n",
       "    </tr>\n",
       "    <tr>\n",
       "      <th>SDG17</th>\n",
       "      <td>0.085140</td>\n",
       "      <td>-0.041733</td>\n",
       "      <td>0.135696</td>\n",
       "      <td>0.124412</td>\n",
       "      <td>0.161834</td>\n",
       "      <td>0.117950</td>\n",
       "      <td>0.185561</td>\n",
       "      <td>-0.082041</td>\n",
       "      <td>0.020279</td>\n",
       "      <td>-0.047910</td>\n",
       "      <td>0.142364</td>\n",
       "      <td>-0.113605</td>\n",
       "      <td>-0.064734</td>\n",
       "      <td>-0.057208</td>\n",
       "      <td>-0.024420</td>\n",
       "      <td>0.074361</td>\n",
       "      <td>1.000000</td>\n",
       "    </tr>\n",
       "  </tbody>\n",
       "</table>\n",
       "</div>"
      ],
      "text/plain": [
       "          SDG01     SDG02     SDG03     SDG04     SDG05     SDG06     SDG07  \\\n",
       "SDG01  1.000000  0.606606  0.860710  0.788071  0.446079  0.772916  0.866025   \n",
       "SDG02  0.606606  1.000000  0.687164  0.631334  0.539432  0.664317  0.554637   \n",
       "SDG03  0.860710  0.687164  1.000000  0.845735  0.605075  0.802222  0.857742   \n",
       "SDG04  0.788071  0.631334  0.845735  1.000000  0.606184  0.717211  0.799732   \n",
       "SDG05  0.446079  0.539432  0.605075  0.606184  1.000000  0.660701  0.468891   \n",
       "SDG06  0.772916  0.664317  0.802222  0.717211  0.660701  1.000000  0.723649   \n",
       "SDG07  0.866025  0.554637  0.857742  0.799732  0.468891  0.723649  1.000000   \n",
       "SDG08  0.615175  0.639616  0.690247  0.606479  0.584356  0.679300  0.513441   \n",
       "SDG09  0.708163  0.696718  0.824555  0.692878  0.588423  0.736221  0.682055   \n",
       "SDG10  0.417839  0.431128  0.427062  0.239528  0.149525  0.300524  0.253545   \n",
       "SDG11  0.660099  0.526370  0.706067  0.663907  0.607085  0.677242  0.599642   \n",
       "SDG12 -0.516379 -0.446087 -0.671998 -0.526284 -0.493810 -0.522733 -0.517213   \n",
       "SDG13 -0.528937 -0.424721 -0.648716 -0.530744 -0.451088 -0.453794 -0.534751   \n",
       "SDG14 -0.242701 -0.075669 -0.209230 -0.181934 -0.020591 -0.051543 -0.193599   \n",
       "SDG15 -0.012595  0.151688  0.053251  0.001566  0.175703  0.210383 -0.002449   \n",
       "SDG16  0.694881  0.604061  0.807274  0.691623  0.516563  0.660424  0.637612   \n",
       "SDG17  0.085140 -0.041733  0.135696  0.124412  0.161834  0.117950  0.185561   \n",
       "\n",
       "          SDG08     SDG09     SDG10     SDG11     SDG12     SDG13     SDG14  \\\n",
       "SDG01  0.615175  0.708163  0.417839  0.660099 -0.516379 -0.528937 -0.242701   \n",
       "SDG02  0.639616  0.696718  0.431128  0.526370 -0.446087 -0.424721 -0.075669   \n",
       "SDG03  0.690247  0.824555  0.427062  0.706067 -0.671998 -0.648716 -0.209230   \n",
       "SDG04  0.606479  0.692878  0.239528  0.663907 -0.526284 -0.530744 -0.181934   \n",
       "SDG05  0.584356  0.588423  0.149525  0.607085 -0.493810 -0.451088 -0.020591   \n",
       "SDG06  0.679300  0.736221  0.300524  0.677242 -0.522733 -0.453794 -0.051543   \n",
       "SDG07  0.513441  0.682055  0.253545  0.599642 -0.517213 -0.534751 -0.193599   \n",
       "SDG08  1.000000  0.658017  0.360985  0.518385 -0.375803 -0.397593  0.025491   \n",
       "SDG09  0.658017  1.000000  0.453001  0.558886 -0.728272 -0.714738 -0.194599   \n",
       "SDG10  0.360985  0.453001  1.000000  0.165432 -0.408040 -0.438695 -0.210784   \n",
       "SDG11  0.518385  0.558886  0.165432  1.000000 -0.504742 -0.389312 -0.118777   \n",
       "SDG12 -0.375803 -0.728272 -0.408040 -0.504742  1.000000  0.802459  0.355058   \n",
       "SDG13 -0.397593 -0.714738 -0.438695 -0.389312  0.802459  1.000000  0.158041   \n",
       "SDG14  0.025491 -0.194599 -0.210784 -0.118777  0.355058  0.158041  1.000000   \n",
       "SDG15  0.178695  0.147481  0.270042  0.012201 -0.118957 -0.106575  0.298285   \n",
       "SDG16  0.610433  0.772618  0.476575  0.631782 -0.676228 -0.613855 -0.219665   \n",
       "SDG17 -0.082041  0.020279 -0.047910  0.142364 -0.113605 -0.064734 -0.057208   \n",
       "\n",
       "          SDG15     SDG16     SDG17  \n",
       "SDG01 -0.012595  0.694881  0.085140  \n",
       "SDG02  0.151688  0.604061 -0.041733  \n",
       "SDG03  0.053251  0.807274  0.135696  \n",
       "SDG04  0.001566  0.691623  0.124412  \n",
       "SDG05  0.175703  0.516563  0.161834  \n",
       "SDG06  0.210383  0.660424  0.117950  \n",
       "SDG07 -0.002449  0.637612  0.185561  \n",
       "SDG08  0.178695  0.610433 -0.082041  \n",
       "SDG09  0.147481  0.772618  0.020279  \n",
       "SDG10  0.270042  0.476575 -0.047910  \n",
       "SDG11  0.012201  0.631782  0.142364  \n",
       "SDG12 -0.118957 -0.676228 -0.113605  \n",
       "SDG13 -0.106575 -0.613855 -0.064734  \n",
       "SDG14  0.298285 -0.219665 -0.057208  \n",
       "SDG15  1.000000  0.135973 -0.024420  \n",
       "SDG16  0.135973  1.000000  0.074361  \n",
       "SDG17 -0.024420  0.074361  1.000000  "
      ]
     },
     "execution_count": 3,
     "metadata": {},
     "output_type": "execute_result"
    }
   ],
   "source": [
    "data.iloc[:, 2:].corr()"
   ]
  },
  {
   "cell_type": "code",
   "execution_count": 4,
   "metadata": {},
   "outputs": [
    {
     "data": {
      "text/html": [
       "<div>\n",
       "<style scoped>\n",
       "    .dataframe tbody tr th:only-of-type {\n",
       "        vertical-align: middle;\n",
       "    }\n",
       "\n",
       "    .dataframe tbody tr th {\n",
       "        vertical-align: top;\n",
       "    }\n",
       "\n",
       "    .dataframe thead th {\n",
       "        text-align: right;\n",
       "    }\n",
       "</style>\n",
       "<table border=\"1\" class=\"dataframe\">\n",
       "  <thead>\n",
       "    <tr style=\"text-align: right;\">\n",
       "      <th></th>\n",
       "      <th>SDG01</th>\n",
       "      <th>SDG02</th>\n",
       "      <th>SDG03</th>\n",
       "      <th>SDG04</th>\n",
       "      <th>SDG05</th>\n",
       "      <th>SDG06</th>\n",
       "      <th>SDG07</th>\n",
       "      <th>SDG08</th>\n",
       "      <th>SDG09</th>\n",
       "      <th>SDG10</th>\n",
       "      <th>SDG11</th>\n",
       "      <th>SDG12</th>\n",
       "      <th>SDG13</th>\n",
       "      <th>SDG14</th>\n",
       "      <th>SDG15</th>\n",
       "      <th>SDG16</th>\n",
       "      <th>SDG17</th>\n",
       "    </tr>\n",
       "  </thead>\n",
       "  <tbody>\n",
       "    <tr>\n",
       "      <th>SDG01</th>\n",
       "      <td>0.000000</td>\n",
       "      <td>0.606606</td>\n",
       "      <td>0.860710</td>\n",
       "      <td>0.788071</td>\n",
       "      <td>0.446079</td>\n",
       "      <td>0.772916</td>\n",
       "      <td>0.866025</td>\n",
       "      <td>0.615175</td>\n",
       "      <td>0.708163</td>\n",
       "      <td>0.417839</td>\n",
       "      <td>0.660099</td>\n",
       "      <td>-0.516379</td>\n",
       "      <td>-0.528937</td>\n",
       "      <td>-0.242701</td>\n",
       "      <td>-0.000000</td>\n",
       "      <td>0.694881</td>\n",
       "      <td>0.000000</td>\n",
       "    </tr>\n",
       "    <tr>\n",
       "      <th>SDG02</th>\n",
       "      <td>0.606606</td>\n",
       "      <td>0.000000</td>\n",
       "      <td>0.687164</td>\n",
       "      <td>0.631334</td>\n",
       "      <td>0.539432</td>\n",
       "      <td>0.664317</td>\n",
       "      <td>0.554637</td>\n",
       "      <td>0.639616</td>\n",
       "      <td>0.696718</td>\n",
       "      <td>0.431128</td>\n",
       "      <td>0.526370</td>\n",
       "      <td>-0.446087</td>\n",
       "      <td>-0.424721</td>\n",
       "      <td>-0.000000</td>\n",
       "      <td>0.000000</td>\n",
       "      <td>0.604061</td>\n",
       "      <td>-0.000000</td>\n",
       "    </tr>\n",
       "    <tr>\n",
       "      <th>SDG03</th>\n",
       "      <td>0.860710</td>\n",
       "      <td>0.687164</td>\n",
       "      <td>0.000000</td>\n",
       "      <td>0.845735</td>\n",
       "      <td>0.605075</td>\n",
       "      <td>0.802222</td>\n",
       "      <td>0.857742</td>\n",
       "      <td>0.690247</td>\n",
       "      <td>0.824555</td>\n",
       "      <td>0.427062</td>\n",
       "      <td>0.706067</td>\n",
       "      <td>-0.671998</td>\n",
       "      <td>-0.648716</td>\n",
       "      <td>-0.209230</td>\n",
       "      <td>0.000000</td>\n",
       "      <td>0.807274</td>\n",
       "      <td>0.000000</td>\n",
       "    </tr>\n",
       "    <tr>\n",
       "      <th>SDG04</th>\n",
       "      <td>0.788071</td>\n",
       "      <td>0.631334</td>\n",
       "      <td>0.845735</td>\n",
       "      <td>0.000000</td>\n",
       "      <td>0.606184</td>\n",
       "      <td>0.717211</td>\n",
       "      <td>0.799732</td>\n",
       "      <td>0.606479</td>\n",
       "      <td>0.692878</td>\n",
       "      <td>0.239528</td>\n",
       "      <td>0.663907</td>\n",
       "      <td>-0.526284</td>\n",
       "      <td>-0.530744</td>\n",
       "      <td>-0.181934</td>\n",
       "      <td>0.000000</td>\n",
       "      <td>0.691623</td>\n",
       "      <td>0.000000</td>\n",
       "    </tr>\n",
       "    <tr>\n",
       "      <th>SDG05</th>\n",
       "      <td>0.446079</td>\n",
       "      <td>0.539432</td>\n",
       "      <td>0.605075</td>\n",
       "      <td>0.606184</td>\n",
       "      <td>0.000000</td>\n",
       "      <td>0.660701</td>\n",
       "      <td>0.468891</td>\n",
       "      <td>0.584356</td>\n",
       "      <td>0.588423</td>\n",
       "      <td>0.000000</td>\n",
       "      <td>0.607085</td>\n",
       "      <td>-0.493810</td>\n",
       "      <td>-0.451088</td>\n",
       "      <td>-0.000000</td>\n",
       "      <td>0.175703</td>\n",
       "      <td>0.516563</td>\n",
       "      <td>0.161834</td>\n",
       "    </tr>\n",
       "    <tr>\n",
       "      <th>SDG06</th>\n",
       "      <td>0.772916</td>\n",
       "      <td>0.664317</td>\n",
       "      <td>0.802222</td>\n",
       "      <td>0.717211</td>\n",
       "      <td>0.660701</td>\n",
       "      <td>0.000000</td>\n",
       "      <td>0.723649</td>\n",
       "      <td>0.679300</td>\n",
       "      <td>0.736221</td>\n",
       "      <td>0.300524</td>\n",
       "      <td>0.677242</td>\n",
       "      <td>-0.522733</td>\n",
       "      <td>-0.453794</td>\n",
       "      <td>-0.000000</td>\n",
       "      <td>0.210383</td>\n",
       "      <td>0.660424</td>\n",
       "      <td>0.000000</td>\n",
       "    </tr>\n",
       "    <tr>\n",
       "      <th>SDG07</th>\n",
       "      <td>0.866025</td>\n",
       "      <td>0.554637</td>\n",
       "      <td>0.857742</td>\n",
       "      <td>0.799732</td>\n",
       "      <td>0.468891</td>\n",
       "      <td>0.723649</td>\n",
       "      <td>0.000000</td>\n",
       "      <td>0.513441</td>\n",
       "      <td>0.682055</td>\n",
       "      <td>0.253545</td>\n",
       "      <td>0.599642</td>\n",
       "      <td>-0.517213</td>\n",
       "      <td>-0.534751</td>\n",
       "      <td>-0.193599</td>\n",
       "      <td>-0.000000</td>\n",
       "      <td>0.637612</td>\n",
       "      <td>0.185561</td>\n",
       "    </tr>\n",
       "    <tr>\n",
       "      <th>SDG08</th>\n",
       "      <td>0.615175</td>\n",
       "      <td>0.639616</td>\n",
       "      <td>0.690247</td>\n",
       "      <td>0.606479</td>\n",
       "      <td>0.584356</td>\n",
       "      <td>0.679300</td>\n",
       "      <td>0.513441</td>\n",
       "      <td>0.000000</td>\n",
       "      <td>0.658017</td>\n",
       "      <td>0.360985</td>\n",
       "      <td>0.518385</td>\n",
       "      <td>-0.375803</td>\n",
       "      <td>-0.397593</td>\n",
       "      <td>0.000000</td>\n",
       "      <td>0.178695</td>\n",
       "      <td>0.610433</td>\n",
       "      <td>-0.000000</td>\n",
       "    </tr>\n",
       "    <tr>\n",
       "      <th>SDG09</th>\n",
       "      <td>0.708163</td>\n",
       "      <td>0.696718</td>\n",
       "      <td>0.824555</td>\n",
       "      <td>0.692878</td>\n",
       "      <td>0.588423</td>\n",
       "      <td>0.736221</td>\n",
       "      <td>0.682055</td>\n",
       "      <td>0.658017</td>\n",
       "      <td>0.000000</td>\n",
       "      <td>0.453001</td>\n",
       "      <td>0.558886</td>\n",
       "      <td>-0.728272</td>\n",
       "      <td>-0.714738</td>\n",
       "      <td>-0.194599</td>\n",
       "      <td>0.000000</td>\n",
       "      <td>0.772618</td>\n",
       "      <td>0.000000</td>\n",
       "    </tr>\n",
       "    <tr>\n",
       "      <th>SDG10</th>\n",
       "      <td>0.417839</td>\n",
       "      <td>0.431128</td>\n",
       "      <td>0.427062</td>\n",
       "      <td>0.239528</td>\n",
       "      <td>0.000000</td>\n",
       "      <td>0.300524</td>\n",
       "      <td>0.253545</td>\n",
       "      <td>0.360985</td>\n",
       "      <td>0.453001</td>\n",
       "      <td>0.000000</td>\n",
       "      <td>0.165432</td>\n",
       "      <td>-0.408040</td>\n",
       "      <td>-0.438695</td>\n",
       "      <td>-0.210784</td>\n",
       "      <td>0.270042</td>\n",
       "      <td>0.476575</td>\n",
       "      <td>-0.000000</td>\n",
       "    </tr>\n",
       "    <tr>\n",
       "      <th>SDG11</th>\n",
       "      <td>0.660099</td>\n",
       "      <td>0.526370</td>\n",
       "      <td>0.706067</td>\n",
       "      <td>0.663907</td>\n",
       "      <td>0.607085</td>\n",
       "      <td>0.677242</td>\n",
       "      <td>0.599642</td>\n",
       "      <td>0.518385</td>\n",
       "      <td>0.558886</td>\n",
       "      <td>0.165432</td>\n",
       "      <td>0.000000</td>\n",
       "      <td>-0.504742</td>\n",
       "      <td>-0.389312</td>\n",
       "      <td>-0.000000</td>\n",
       "      <td>0.000000</td>\n",
       "      <td>0.631782</td>\n",
       "      <td>0.000000</td>\n",
       "    </tr>\n",
       "    <tr>\n",
       "      <th>SDG12</th>\n",
       "      <td>-0.516379</td>\n",
       "      <td>-0.446087</td>\n",
       "      <td>-0.671998</td>\n",
       "      <td>-0.526284</td>\n",
       "      <td>-0.493810</td>\n",
       "      <td>-0.522733</td>\n",
       "      <td>-0.517213</td>\n",
       "      <td>-0.375803</td>\n",
       "      <td>-0.728272</td>\n",
       "      <td>-0.408040</td>\n",
       "      <td>-0.504742</td>\n",
       "      <td>0.000000</td>\n",
       "      <td>0.802459</td>\n",
       "      <td>0.355058</td>\n",
       "      <td>-0.000000</td>\n",
       "      <td>-0.676228</td>\n",
       "      <td>-0.000000</td>\n",
       "    </tr>\n",
       "    <tr>\n",
       "      <th>SDG13</th>\n",
       "      <td>-0.528937</td>\n",
       "      <td>-0.424721</td>\n",
       "      <td>-0.648716</td>\n",
       "      <td>-0.530744</td>\n",
       "      <td>-0.451088</td>\n",
       "      <td>-0.453794</td>\n",
       "      <td>-0.534751</td>\n",
       "      <td>-0.397593</td>\n",
       "      <td>-0.714738</td>\n",
       "      <td>-0.438695</td>\n",
       "      <td>-0.389312</td>\n",
       "      <td>0.802459</td>\n",
       "      <td>0.000000</td>\n",
       "      <td>0.000000</td>\n",
       "      <td>-0.000000</td>\n",
       "      <td>-0.613855</td>\n",
       "      <td>-0.000000</td>\n",
       "    </tr>\n",
       "    <tr>\n",
       "      <th>SDG14</th>\n",
       "      <td>-0.242701</td>\n",
       "      <td>-0.000000</td>\n",
       "      <td>-0.209230</td>\n",
       "      <td>-0.181934</td>\n",
       "      <td>-0.000000</td>\n",
       "      <td>-0.000000</td>\n",
       "      <td>-0.193599</td>\n",
       "      <td>0.000000</td>\n",
       "      <td>-0.194599</td>\n",
       "      <td>-0.210784</td>\n",
       "      <td>-0.000000</td>\n",
       "      <td>0.355058</td>\n",
       "      <td>0.000000</td>\n",
       "      <td>0.000000</td>\n",
       "      <td>0.298285</td>\n",
       "      <td>-0.219665</td>\n",
       "      <td>-0.000000</td>\n",
       "    </tr>\n",
       "    <tr>\n",
       "      <th>SDG15</th>\n",
       "      <td>-0.000000</td>\n",
       "      <td>0.000000</td>\n",
       "      <td>0.000000</td>\n",
       "      <td>0.000000</td>\n",
       "      <td>0.175703</td>\n",
       "      <td>0.210383</td>\n",
       "      <td>-0.000000</td>\n",
       "      <td>0.178695</td>\n",
       "      <td>0.000000</td>\n",
       "      <td>0.270042</td>\n",
       "      <td>0.000000</td>\n",
       "      <td>-0.000000</td>\n",
       "      <td>-0.000000</td>\n",
       "      <td>0.298285</td>\n",
       "      <td>0.000000</td>\n",
       "      <td>0.000000</td>\n",
       "      <td>-0.000000</td>\n",
       "    </tr>\n",
       "    <tr>\n",
       "      <th>SDG16</th>\n",
       "      <td>0.694881</td>\n",
       "      <td>0.604061</td>\n",
       "      <td>0.807274</td>\n",
       "      <td>0.691623</td>\n",
       "      <td>0.516563</td>\n",
       "      <td>0.660424</td>\n",
       "      <td>0.637612</td>\n",
       "      <td>0.610433</td>\n",
       "      <td>0.772618</td>\n",
       "      <td>0.476575</td>\n",
       "      <td>0.631782</td>\n",
       "      <td>-0.676228</td>\n",
       "      <td>-0.613855</td>\n",
       "      <td>-0.219665</td>\n",
       "      <td>0.000000</td>\n",
       "      <td>0.000000</td>\n",
       "      <td>0.000000</td>\n",
       "    </tr>\n",
       "    <tr>\n",
       "      <th>SDG17</th>\n",
       "      <td>0.000000</td>\n",
       "      <td>-0.000000</td>\n",
       "      <td>0.000000</td>\n",
       "      <td>0.000000</td>\n",
       "      <td>0.161834</td>\n",
       "      <td>0.000000</td>\n",
       "      <td>0.185561</td>\n",
       "      <td>-0.000000</td>\n",
       "      <td>0.000000</td>\n",
       "      <td>-0.000000</td>\n",
       "      <td>0.000000</td>\n",
       "      <td>-0.000000</td>\n",
       "      <td>-0.000000</td>\n",
       "      <td>-0.000000</td>\n",
       "      <td>-0.000000</td>\n",
       "      <td>0.000000</td>\n",
       "      <td>0.000000</td>\n",
       "    </tr>\n",
       "  </tbody>\n",
       "</table>\n",
       "</div>"
      ],
      "text/plain": [
       "          SDG01     SDG02     SDG03     SDG04     SDG05     SDG06     SDG07  \\\n",
       "SDG01  0.000000  0.606606  0.860710  0.788071  0.446079  0.772916  0.866025   \n",
       "SDG02  0.606606  0.000000  0.687164  0.631334  0.539432  0.664317  0.554637   \n",
       "SDG03  0.860710  0.687164  0.000000  0.845735  0.605075  0.802222  0.857742   \n",
       "SDG04  0.788071  0.631334  0.845735  0.000000  0.606184  0.717211  0.799732   \n",
       "SDG05  0.446079  0.539432  0.605075  0.606184  0.000000  0.660701  0.468891   \n",
       "SDG06  0.772916  0.664317  0.802222  0.717211  0.660701  0.000000  0.723649   \n",
